5 0.004647001624107361
6 35.820430003106594
7 35.98742400109768
8 36.116456001996994
9 36.22616100311279
10 36.352695003151894
11 36.463524006307125
12 36.57465700060129
13 36.682785004377365
14 36.791962005198
15 36.907046005129814
16 37.019065000116825
17 37.13338800519705
18 37.24786300212145
19 37.36729799956083
20 37.48494900017977
21 37.599821999669075
22 37.71984200179577
23 37.83230600506067
24 37.939653001725674
25 38.043855004012585
26 38.14928200095892
27 38.26602200418711
28 38.374034002423286
29 38.48070300370455
30 38.5930650010705
31 38.71203500032425
32 38.83372000604868
33 38.95284400135279
34 39.068659000098705
35 39.178955003619194
36 39.28269200026989
37 39.3930080011487
38 39.50168599933386
39 39.610700003802776
40 39.71940400451422
41 39.83401100337505
42 39.94515800476074
43 40.054225005209446
44 40.18053100258112
45 40.326039999723434
46 40.44121000170708
47 40.55674999952316
48 40.67126500606537
49 40.78653700649738
50 40.8960280045867
51 41.003439001739025
52 41.12016900628805
53 41.22849800437689
54 41.33893699944019
55 41.446457006037235
56 41.56141300499439
57 41.666408002376556
58 41.781038001179695
59 41.89004100114107
60 41.9957519993186
61 42.09848200529814
62 42.20926200598478
63 42.3158950060606
64 42.43826900422573
65 42.54805099964142
66 42.66075500100851
67 42.7688580006361
68 42.88202600181103
69 43.02937100082636
70 43.143645003437996
71 43.25731800496578
72 43.3756600022316
73 43.50925200432539
74 43.64750800281763
75 43.75993600487709
76 43.87167600542307
77 43.95990100502968
78 44.03456400334835
79 44.10792800039053
80 44.182697005569935
81 44.25696600228548
82 44.35768900066614
83 44.4317409992218
84 44.504635006189346
85 44.57717700302601
86 44.650425001978874
87 44.74217600375414
88 44.849660001695156
89 44.958516001701355
90 45.06624400615692
91 45.17909400165081
92 45.32287600636482
93 45.4347830042243
94 45.54298800230026
95 45.658410005271435
96 45.768798999488354
97 45.896532006561756
98 46.01569600403309
99 46.13270400464535
100 46.240777000784874
101 46.35538399964571
102 46.464205004274845
103 46.57275700569153
104 46.680832006037235
105 46.79127600044012
106 46.89691000431776
107 46.987906001508236
108 47.06064500659704
109 47.132345005869865
110 47.20470999926329
111 47.276716001331806
112 47.35531900078058
113 47.429554000496864
114 47.502165004611015
115 47.573079004883766
116 47.643115006387234
117 47.72018700093031
118 47.79704300314188
119 47.868582002818584
120 47.95810600370169
121 48.051426000893116
122 48.16052500158548
123 48.26595000177622
124 48.395594000816345
125 48.49803100526333
126 48.61524700373411
127 48.7238460034132
128 48.83828600496054
129 48.946809999644756
130 49.120289005339146
131 49.23395200073719
132 49.35234900563955
133 49.5254650041461
134 49.637023001909256
135 49.74643700569868
136 49.862559005618095
137 49.97247100621462
138 50.07797600328922
139 50.179471001029015
140 50.2880249992013
141 50.39171000570059
142 50.49534400552511
143 50.60052700340748
144 50.70439600199461
145 50.808305002748966
146 50.90810400247574
147 51.01301600039005
148 51.11209000647068
149 51.2252150028944
150 51.33000700175762
151 51.42817800492048
152 51.52706900238991
153 51.623161002993584
154 51.72172800451517
155 51.81452099978924
156 51.90996800363064
157 52.00680600106716
158 52.10301700234413
159 52.20887400209904
160 52.334195002913475
161 52.43364800512791
162 52.5336109995842
163 52.64010800421238
164 52.74414899945259
165 52.84603500366211
166 52.94488600641489
167 53.056339003145695
168 53.15661100298166
169 53.3038149997592
170 53.40138100087643
171 53.50206600129604
172 53.61758900433779
173 53.721920005977154
174 53.848976999521255
175 53.95166100561619
176 54.05212499946356
177 54.15259500592947
178 54.25170100480318
179 54.348789006471634
180 54.44251400232315
181 54.55164800584316
182 54.6499470025301
183 54.740196004509926
184 54.80845399945974
185 54.87187900394201
186 54.933724001049995
187 55.016353003680706
188 55.11430100351572
189 55.20777700096369
190 55.310752004384995
191 55.412067003548145
192 55.539861999452114
193 55.639219000935555
194 55.77837100625038
195 55.87798700481653
196 55.97986700385809
197 56.11404500156641
198 56.20836099982262
199 56.328677006065845
200 56.42602100223303
201 56.522301003336906
202 56.62048099935055
203 56.71459000557661
204 56.812311001122
205 56.9081140011549
206 56.99700800329447
207 57.0952840000391
208 57.185509003698826
209 57.27571000158787
210 57.36644900590181
211 57.457228004932404
212 57.54686300456524
213 57.633882001042366
214 57.71933200210333
215 57.80577500164509
216 57.88910000026226
217 57.9712950065732
218 58.05403200536966
219 58.139821000397205
220 58.226951003074646
221 58.31506200134754
222 58.406105004251
223 58.49628100544214
224 58.61214600503445
225 58.8260700032115
226 58.923879005014896
227 59.01350500434637
228 59.10061000287533
229 59.18478900194168
230 59.271447002887726
231 59.393719002604485
232 59.48395300656557
233 59.569926001131535
234 59.65769600123167
235 59.74590600281954
236 59.835560001432896
237 59.92753600329161
238 60.02004700154066
239 60.096940003335476
240 60.26981100440025
241 60.36594299972057
242 60.42604099959135
243 60.483146004378796
244 60.54129600524902
245 60.59885800629854
246 60.65575600415468
247 60.71255400031805
248 60.768798999488354
249 60.826297000050545
250 60.883958004415035
251 60.94074500352144
252 61.00240200012922
253 61.0599730014801
254 61.11771800369024
255 61.17516200244427
256 61.25313699990511
257 61.33891300112009
258 61.43147700279951
259 61.51809400320053
260 61.637533999979496
261 62.02434100210667
262 62.13049600273371
263 62.216932006180286
264 62.30471500009298
265 62.3946820050478
266 62.48389299958944
267 62.573242001235485
268 62.663079999387264
269 62.74930000305176
270 62.83722399920225
271 62.92825100570917
272 63.01443300396204
273 63.10378900170326
274 63.191196002066135
275 63.29926700145006
276 63.389482006430626
277 63.47691199928522
278 63.56289900094271
279 63.646872006356716
280 63.729671001434326
281 63.811266005039215
282 63.896526001393795
283 63.9806210026145
284 64.0649290010333
285 64.14768300205469
286 64.23141000419855
287 64.35372000187635
288 64.45863300561905
289 64.54639100283384
290 64.63186300545931
291 64.71628100425005
292 64.80208400636911
293 64.9093170017004
294 64.99448800086975
295 65.07781100273132
296 65.16244599968195
297 65.24588900059462
298 65.3319930061698
299 65.41617099940777
300 65.50046000629663
301 65.58370800316334
302 65.66768800467253
303 65.75071300566196
304 65.83332800120115
305 65.91483200341463
306 65.99503099918365
307 66.07690700143576
308 66.15890499949455
309 66.24019899964333
310 66.32172000408173
311 66.40765600651503
312 66.49212200194597
313 66.57198100537062
314 66.65302500128746
315 66.73188900202513
316 66.8104469999671
317 66.88834100216627
318 66.9651859998703
319 67.04138100147247
320 67.11783700436354
321 67.19822899997234
322 67.30409500002861
323 67.38520300388336
324 67.46581999957561
325 67.58159600198269
326 67.67150299996138
327 67.7534219995141
328 67.83262200653553
329 67.9218960031867
330 68.00736699998379
331 68.09512900561094
332 68.18330900371075
333 68.26889700442553
334 68.390576004982
335 68.47863900661469
336 68.59549099951982
337 68.66877400130033
338 68.74530300498009
339 68.84472000598907
340 68.92370799928904
341 69.00036900490522
342 69.07715700566769
343 69.15209800004959
344 69.22364200651646
345 69.29454600065947
346 69.3663830012083
347 69.43949200212955
348 69.5146080031991
349 69.60643300414085
350 69.68222400546074
351 69.76336999982595
352 69.83789200335741
353 69.91280100494623
354 70.00723200291395
355 70.08527700603008
356 70.16554400324821
357 70.2477320060134
358 70.32338500022888
359 70.40028000622988
360 70.47795500606298
361 70.54914700239897
362 70.61924800276756
363 70.68901800364256
364 70.75923400372267
365 70.83252100646496
366 70.90579000115395
367 71.01800200343132
368 71.09824100136757
369 71.172678001225
370 71.24445900321007
371 71.33510400354862
372 71.40991999953985
373 71.48242900520563
374 71.55532800406218
375 71.62983500212431
376 71.70508199930191
377 71.77638199925423
378 71.86665200442076
379 71.94175700098276
380 72.04928300529718
381 72.1212460026145
382 72.195666000247
383 72.32408100366592
384 72.40331200510263
385 72.47400899976492
386 72.56932700425386
387 72.64438100159168
388 72.7348910048604
389 72.92565100640059
390 73.00856700539589
391 73.08462100476027
392 73.16042600572109
393 73.24988400191069
394 73.32904500514269
395 73.40430200099945
396 73.47484900057316
397 73.54754800349474
398 73.64771100133657
399 73.72015200555325
400 73.79407200217247
401 73.8750190064311
402 73.94827000051737
403 74.02134900540113
404 74.09207700192928
405 74.16393300145864
406 74.23144100606441
407 74.29545000195503
408 74.3582179993391
409 74.4218970015645
410 74.486074000597
411 74.55222500115633
412 74.61845300346613
413 74.68693600594997
414 74.79862499982119
415 74.88990899920464
416 74.967709004879
417 75.03932500630617
418 75.10842500627041
419 75.17662400007248
420 75.24050100147724
421 75.30371300131083
422 75.37019200623035
423 75.44047400355339
424 75.52336700260639
425 75.59099300205708
426 75.65756600350142
427 75.72088100016117
428 75.78507400304079
429 75.85580500215292
430 75.92437300086021
431 75.99210900068283
432 76.05705700069666
433 76.12433000653982
434 76.18661600351334
435 76.24907000362873
436 76.33812700212002
437 76.42807400226593
438 76.4963899999857
439 76.56334200501442
440 76.62801299989223
441 76.71960700303316
442 76.78804000467062
443 76.85693400353193
444 76.92393000423908
445 76.99066200107336
446 77.05634300410748
447 77.12070800364017
448 77.18466700613499
449 77.25047400593758
450 77.32333700358868
451 77.38474400341511
452 77.44393900036812
453 77.58105900138617
454 77.65297999978065
455 77.71781500428915
456 77.7809190005064
457 77.87185300141573
458 77.93912800401449
459 78.00338900089264
460 78.0673869997263
461 78.13153700530529
462 78.19232700020075
463 78.25126500427723
464 78.3106100037694
465 78.37170500308275
466 78.43138900399208
467 78.49178300052881
468 78.55144400149584
469 78.61418399959803
470 78.67931400239468
471 78.74577600508928
472 78.81165200471878
473 78.87399400025606
474 78.93759199976921
475 79.00046000629663
476 79.06109200417995
477 79.11882700026035
478 79.17552700638771
479 79.23198100179434
480 79.28998800367117
481 79.34976200014353
482 79.410640001297
483 79.49324399977922
484 79.55574100464582
485 79.61642500013113
486 79.67606399953365
487 79.75194299966097
488 79.81432700157166
489 79.87750900536776
490 79.94043300300837
491 80.00100300461054
492 80.06096000224352
493 80.12040500342846
494 80.17651900649071
495 80.23346400260925
496 80.3147390037775
497 80.37846700102091
498 80.45354299992323
499 80.51585900038481
500 80.5756950005889
501 80.6360680013895
502 80.70203500241041
503 80.76079700142145
504 80.82128300517797
505 80.87887700647116
506 80.93889300525188
507 80.99638300389051
508 81.06178000569344
509 81.1188830062747
510 81.17242600023746
511 81.22697400301695
512 81.2982430011034
513 81.35974400490522
514 81.46248099952936
515 81.55056100338697
516 81.61862100660801
517 81.87945500016212
518 81.94855100661516
519 82.00857100635767
520 82.07762100547552
521 82.1355729997158
522 82.19902200251818
523 82.27622900158167
524 82.33501300215721
525 82.39195600152016
526 82.4505260065198
527 82.50774800032377
528 82.56323400139809
529 82.64686400443316
530 82.7058150023222
531 82.76320700347424
532 82.82058100402355
533 82.87679800391197
534 82.93070500344038
535 82.98331800103188
536 83.03841100633144
537 83.10934299975634
538 83.16510500013828
539 83.21826500445604
540 83.27169600129128
541 83.3250090032816
542 83.37690600007772
543 83.42807800322771
544 83.5051190033555
545 83.56494900584221
546 83.62010300159454
547 83.67251400649548
548 83.72517500072718
549 83.79535000026226
550 83.84992400556803
551 83.90280800312757
552 83.95586500316858
553 84.00614999979734
554 84.05713700503111
555 84.1151090040803
556 84.18914700299501
557 84.24376200139523
558 84.31758899986744
559 84.38953900337219
560 84.4446050003171
561 84.49996500462294
562 84.55374599993229
563 84.60538300126791
564 84.65518400073051
565 84.70539900660515
566 84.75708699971437
567 84.85718100517988
568 84.9399280026555
569 84.9954200014472
570 85.04913300275803
571 85.10365699976683
572 85.15726800262928
573 85.2080340012908
574 85.25873900204897
575 85.30887500196695
576 85.35945799946785
577 85.41136600077152
578 85.47261500358582
579 85.52996500581503
580 85.59531400352716
581 85.6509860008955
582 85.69994400441647
583 85.74931800365448
584 85.79808799922466
585 85.8465080037713
586 85.89413200318813
587 85.94129700213671
588 85.98772300034761
589 86.03345900028944
590 86.08366700261831
591 86.12873000651598
592 86.1752710044384
593 86.22171900421381
594 86.2691850066185
595 86.31718300282955
596 86.36398800462484
597 86.41425200551748
598 86.46476600319147
599 86.51559100300074
600 86.56343200057745
601 86.61217900365591
602 86.66429699957371
603 86.71282600611448
604 86.76023500412703
605 86.80786200612783
606 86.85645300149918
607 86.90998100489378
608 86.95944100618362
609 87.00569999963045
610 87.05387700349092
611 87.1025540009141
612 87.15758699923754
613 87.2095880061388
614 87.260857000947
615 87.31155800074339
616 87.36179800331593
617 87.40800800174475
618 87.45558300614357
619 87.50416200608015
620 87.55687800049782
621 87.59713400155306
622 87.63105400651693
623 87.66405700147152
624 87.69722500443459
625 87.73009800165892
626 87.763030000031
627 87.79587700217962
628 87.82849000394344
629 87.86080300062895
630 87.89377300441265
631 87.92605900019407
632 87.95848700404167
633 87.99080600589514
634 88.02354000508785
635 88.05611400306225
636 88.09435900300741
637 88.12696500122547
638 88.15930300205946
639 88.19183900207281
640 88.22437100112438
641 88.2591780051589
642 88.31443800032139
643 88.34949500113726
644 88.38246300071478
645 88.46175800263882
646 88.512507006526
647 88.56383500248194
648 88.6114490032196
649 88.66180600225925
650 88.7250020056963
651 88.77548000216484
652 88.82211600244045
653 88.86960700154305
654 88.91784900426865
655 88.97926300019026
656 89.02951000630856
657 89.07822200655937
658 89.12516600638628
659 89.19063100218773
660 89.24148700386286
661 89.29144800454378
662 89.33911700546741
663 89.38674100488424
664 89.43116800487041
665 89.47696600109339
666 89.5247370004654
667 89.57208000123501
668 89.62373699992895
669 89.68558300286531
670 89.7323440015316
671 89.7790510058403
672 89.82377400249243
673 89.86829700320959
674 89.91287600249052
675 89.96059300005436
676 90.01145600527525
677 90.05897100269794
678 90.10480500012636
679 90.15042800456285
680 90.19379200041294
681 90.23890300095081
682 90.29490000009537
683 90.34159500151873
684 90.3917560055852
685 90.43923300504684
686 90.48322600126266
687 90.52720000594854
688 90.57193700224161
689 90.63471800088882
690 90.68110600113869
691 90.72761800140142
692 90.77055100351572
693 90.8150690048933
694 90.86982700228691
695 90.91384600102901
696 90.95820900052786
697 91.00361100584269
698 91.05016100406647
699 91.09630700200796
700 91.1426770016551
701 91.19126100093126
702 91.23438200354576
703 91.27754900604486
704 91.32204500585794
705 91.36580800265074
706 91.41933800280094
707 91.4617410004139
708 91.50376000255346
709 91.5448440015316
710 91.58794800192118
711 91.63102200627327
712 91.67363600432873
713 91.71812900155783
714 91.76302200555801
715 91.8082519993186
716 91.87940600514412
717 91.92266999930143
718 91.96599300205708
719 92.01052900403738
720 92.05268800258636
721 92.09488500654697
722 92.13834699988365
723 92.19938300549984
724 92.2454439997673
725 92.30952700227499
726 92.35659800469875
727 92.40174899995327
728 92.44671799987555
729 92.492303006351
730 92.53720800578594
731 92.58177000284195
732 92.62514800578356
733 92.66818200051785
734 92.7117870002985
735 92.754952006042
736 92.79668000340462
737 92.84232700616121
738 92.88303799927235
739 92.92342600226402
740 92.96363900601864
741 93.00612600147724
742 93.04731800407171
743 93.08963200449944
744 93.13209200650454
745 93.1747750043869
746 93.21851200610399
747 93.25982300192118
748 93.30221600085497
749 93.3437959998846
750 93.38638599961996
751 93.42989100515842
752 93.47297099977732
753 93.51590200513601
754 93.55665300041437
755 93.59854300320148
756 93.65503900498152
757 93.69777600467205
758 93.73925000429153
759 93.7814610004425
760 93.82371400296688
761 93.89528200030327
762 93.94260900467634
763 93.98604300618172
764 94.0364640057087
765 94.07789600640535
766 94.11969700455666
767 94.16222400218248
768 94.20466200262308
769 94.2458709999919
770 94.29483400285244
771 94.34034699946642
772 94.38549700379372
773 94.46757800132036
774 94.51400500535965
775 94.5588899999857
776 94.60351300239563
777 94.64738400280476
778 94.70186500251293
779 94.74264800548553
780 94.7829010039568
781 94.82543800026178
782 94.86750600486994
783 94.90979400277138
784 94.95099600404501
785 94.99153600633144
786 95.03179900348186
787 95.0713260024786
788 95.11116900295019
789 95.15032999962568
790 95.18998400121927
791 95.23076900094748
792 95.27236900478601
793 95.31281400471926
794 95.35370100289583
795 95.39480400085449
796 95.43692400306463
797 95.47791200131178
798 95.5205310061574
799 95.56441200524569
800 95.64637999981642
801 95.68852800130844
802 95.72982700169086
803 95.77181300520897
804 95.81602299958467
805 95.8596800044179
806 95.9033460021019
807 95.9477420002222
808 95.99213300645351
809 96.03458600491285
810 96.07646000385284
811 96.11625600606203
812 96.1633760035038
813 96.20522000640631
814 96.24700900167227
815 96.31121100485325
816 96.35193200409412
817 96.39019300043583
818 96.42876300215721
819 96.46764000505209
820 96.50800700485706
821 96.54704600572586
822 96.58588000386953
823 96.62643500417471
824 96.67830200493336
825 96.74016600102186
826 96.78367100656033
827 96.86564100533724
828 96.90835800021887
829 96.94906900078058
830 96.98969100415707
831 97.03137500584126
832 97.07115799933672
833 97.11055800318718
834 97.14938300102949
835 97.18584900349379
836 97.22373600304127
837 97.26282600313425
838 97.30113900452852
839 97.34059300273657
840 97.38178700208664
841 97.42269700020552
842 97.46346500515938
843 97.50445000082254
844 97.54251600056887
845 97.58314500004053
846 97.62208300083876
847 97.66050300002098
848 97.69764400273561
849 97.73801100254059
850 97.77656700462103
851 97.8150700032711
852 97.85330900549889
853 97.89016599953175
854 97.92837100476027
855 97.96664000302553
856 98.00486100465059
857 98.04788200557232
858 98.08702800422907
859 98.12443000078201
860 98.16332600265741
861 98.20061000436544
862 98.23721000552177
863 98.28030000627041
864 98.3192730024457
865 98.35612000524998
866 98.39270500093699
867 98.4294970035553
868 98.46736000478268
869 98.51673900336027
870 98.55478500574827
871 98.5905399993062
872 98.61941600590944
873 98.64693000167608
874 98.67381700128317
875 98.70640500634909
876 98.73570500314236
877 98.78968800604343
878 98.81847500056028
879 98.84546100348234
880 98.87309800088406
881 98.90022700279951
882 98.92733300477266
883 98.95453000068665
884 98.98178200423717
885 99.0086820051074
886 99.03602400422096
887 99.06316700577736
888 99.09033600240946
889 99.11748400330544
890 99.1445889994502
891 99.1718940064311
892 99.19928800314665
893 99.22659600526094
894 99.25409300625324
895 99.28128800541162
896 99.30906100571156
897 99.33672600239515
898 99.36369400471449
899 99.39060500264168
900 99.41770300269127
901 99.44496600329876
902 99.47256300598383
903 99.50001200288534
904 99.5271170064807
905 99.55442599952221
906 99.58174600452185
907 99.60881700366735
908 99.63616900146008
909 99.66352900117636
910 99.69093500077724
911 99.71856900304556
912 99.74644500017166
913 99.77479800581932
914 99.80321400612593
915 99.83086900413036
916 99.85854100435972
917 99.886660002172
918 99.91447500139475
919 99.94215400516987
920 99.9692430049181
921 99.99686600267887
922 100.02610100060701
923 100.05517400056124
924 100.08258600533009
925 100.1107170060277
926 100.1386140063405
927 100.16772200167179
928 100.19555900245905
929 100.22404000163078
930 100.25131000578403
931 100.3004140034318
932 100.33624099940062
933 100.36504500359297
934 100.39238200336695
935 100.41957000643015
936 100.44696100056171
937 100.47407300025225
938 100.50109600275755
939 100.5283440053463
940 100.55562700331211
941 100.58290100097656
942 100.63480000197887
943 100.66294300556183
944 100.69040900468826
945 100.71774100512266
946 100.74496600031853
947 100.77217300236225
948 100.79931300133467
949 100.8264230042696
950 100.85368700325489
951 100.88083000481129
952 100.90794300287962
953 100.9353020042181
954 100.96231300383806
955 100.99003300070763
956 101.0172010064125
957 101.0443710014224
958 101.07131000608206
959 101.09919600188732
960 101.12624400109053
961 101.15743900090456
962 101.1863160058856
963 101.21409299969673
964 101.2425630018115
965 101.27012600004673
966 101.29901600629091
967 101.3276030048728
968 101.35521600395441
969 101.38263000547886
970 101.4102130010724
971 101.43746200203896
972 101.46487900614738
973 101.49206700176
974 101.51962900161743
975 101.54681200534105
976 101.57442700117826
977 101.60191800445318
978 101.62899800390005
979 101.65632900595665
980 101.68353199958801
981 101.7110780030489
982 101.73842400312424
983 101.76573500037193
984 101.79292900115252
985 101.82068499922752
986 101.84860800206661
987 101.87636500597
988 101.90344000607729
989 101.93099300563335
990 101.95842700451612
991 101.98582700639963
992 102.01300400495529
993 102.04022900015116
994 102.06757000088692
995 102.09568900614977
996 102.12343200296164
997 102.1511050015688
998 102.17884200066328
999 102.20625800639391
1000 102.23359899967909
1001 102.26153100281954
1002 102.29079500585794
1003 102.31902500241995
1004 102.34756900370121
1005 102.37601999938488
1006 102.40413500368595
1007 102.43270000070333
1008 102.46202700585127
1009 102.49015000462532
1010 102.51768400520086
1011 102.54509600251913
1012 102.57275700569153
1013 102.60038699954748
1014 102.62782300263643
1015 102.65519600361586
1016 102.68255900591612
1017 102.70969900488853
1018 102.73699900507927
1019 102.76411800086498
1020 102.79139000177383
1021 102.81880600005388
1022 102.84640000015497
1023 102.87351300567389
1024 102.90073399990797
1025 102.92798900604248
1026 102.95518700033426
1027 102.98242600262165
1028 103.00973699986935
1029 103.04415500164032
1030 103.07290000468493
1031 103.1000710055232
1032 103.1273360028863
1033 103.1550430059433
1034 103.18254700303078
1035 103.20974100381136
1036 103.2368990033865
1037 103.26402500271797
1038 103.29167500138283
1039 103.31963400542736
1040 103.34704799950123
1041 103.37437400221825
1042 103.40251500159502
1043 103.43133000284433
1044 103.45891500264406
1045 103.48715600371361
1046 103.51471000164747
1047 103.5420820042491
1048 103.56933300197124
1049 103.59650599956512
1050 103.62350600212812
1051 103.65077700465918
1052 103.6780090034008
1053 103.7051780000329
1054 103.73241800069809
1055 103.75957199931145
1056 103.78675200045109
1057 103.81392800062895
1058 103.84141900390387
1059 103.86881500482559
1060 103.89643300324678
1061 103.9239040017128
1062 103.95126499980688
1063 103.97868300229311
1064 104.00573000311852
1065 104.03288500010967
1066 104.05996100604534
1067 104.08699300140142
1068 104.11462499946356
1069 104.14237100630999
1070 104.17081600427628
1071 104.19918600469828
1072 104.22670600563288
1073 104.25397299975157
1074 104.29486300051212
1075 104.33047900348902
1076 104.35787000507116
1077 104.38507800549269
1078 104.41189800202847
1079 104.43900400400162
1080 104.46581900119781
1081 104.49281200021505
1082 104.51964500546455
1083 104.54660000652075
1084 104.57342800498009
1085 104.60030100494623
1086 104.62717500329018
1087 104.6543370038271
1088 104.68119100481272
1089 104.70852300524712
1090 104.73547600209713
1091 104.78371199965477
1092 104.81210200488567
1093 104.83912999927998
1094 104.86612199991941
1095 104.89327700436115
1096 104.9202930033207
1097 104.94720300287008
1098 104.97419500350952
1099 105.00133500248194
1100 105.02821899950504
1101 105.05524200201035
1102 105.0820889994502
1103 105.10903000086546
1104 105.13591400533915
1105 105.16346400231123
1106 105.1905910000205
1107 105.21781400591135
1108 105.24469200521708
1109 105.27197600156069
1110 105.29937900602818
1111 105.32688700407743
1112 105.35613400489092
1113 105.38320400565863
1114 105.41007500141859
1115 105.43730200082064
1116 105.4839960038662
1117 105.51180000603199
1118 105.53942000120878
1119 105.56780100613832
1120 105.5951649993658
1121 105.62219800055027
1122 105.64940200001001
1123 105.67694000154734
1124 105.7050090059638
1125 105.73241200298071
1126 105.75978000462055
1127 105.78744800388813
1128 105.81545000523329
1129 105.84282000362873
1130 105.87091900408268
1131 105.89897300302982
1132 105.92681600153446
1133 105.95477300137281
1134 105.98240100592375
1135 106.0103810057044
1136 106.0384950041771
1137 106.06653200089931
1138 106.09464800357819
1139 106.12234200537205
1140 106.15023000538349
1141 106.17817800492048
1142 106.20567800104618
1143 106.23295500129461
1144 106.26069500297308
1145 106.28809600323439
1146 106.31536300480366
1147 106.3434630036354
1148 106.37249800562859
1149 106.40168800204992
1150 106.4300400018692
1151 106.45715000480413
1152 106.48450300097466
1153 106.51362200081348
1154 106.54116500169039
1155 106.56838400661945
1156 106.59564200043678
1157 106.62326100468636
1158 106.65026500076056
1159 106.67828100174665
1160 106.70720900595188
1161 106.73506800085306
1162 106.76235400140285
1163 106.78957600146532
1164 106.8169590011239
1165 106.84448200464249
1166 106.87191800028086
1167 106.8991219997406
1168 106.92659100145102
1169 106.95392300188541
1170 106.98136699944735
1171 107.00865700095892
1172 107.03581500053406
1173 107.06298800557852
1174 107.09005400538445
1175 107.117396004498
1176 107.14436100423336
1177 107.17148600518703
1178 107.19944800436497
1179 107.22776900231838
1180 107.25473300367594
1181 107.2819310054183
1182 107.30939700454473
1183 107.33754700422287
1184 107.36495400220156
1185 107.39213700592518
1186 107.41938800364733
1187 107.44657200574875
1188 107.47385299950838
1189 107.5012999996543
1190 107.53525900095701
1191 107.57141600549221
1192 107.60829100012779
1193 107.6466189995408
1194 107.67509900033474
1195 107.7022980004549
1196 107.73269200325012
1197 107.76017500460148
1198 107.78735399991274
1199 107.8147150054574
1200 107.84186600148678
1201 107.86926600337029
1202 107.89693500101566
1203 107.92422000318766
1204 107.95157700031996
1205 107.97879600524902
1206 108.00601300597191
1207 108.03303699940443
1208 108.06002300232649
1209 108.08706100285053
1210 108.11420400440693
1211 108.14134400337934
1212 108.16850200295448
1213 108.19689300656319
1214 108.22427700459957
1215 108.25166400521994
1216 108.29530600458384
1217 108.32987400144339
1218 108.35969699919224
1219 108.38782799988985
1220 108.41502500325441
1221 108.44245100021362
1222 108.47120600193739
1223 108.4984630048275
1224 108.52555800229311
1225 108.5536260008812
1226 108.58062200248241
1227 108.60760200023651
1228 108.63847099989653
1229 108.6657159999013
1230 108.72472800314426
1231 108.75219999998808
1232 108.77945200353861
1233 108.80695600062609
1234 108.8340920060873
1235 108.8613810017705
1236 108.88835000246763
1237 108.91573400050402
1238 108.94258500635624
1239 108.96950100362301
1240 108.99639400094748
1241 109.02337100356817
1242 109.05065600574017
1243 109.07776200026274
1244 109.10454500466585
1245 109.13189100474119
1246 109.1588180065155
1247 109.18571000546217
1248 109.2126369997859
1249 109.24096200615168
1250 109.26810900121927
1251 109.29513600468636
1252 109.32213700562716
1253 109.34920300543308
1254 109.37607600539923
1255 109.4030150026083
1256 109.42992199957371
1257 109.45692900568247
1258 109.4850120022893
1259 109.5122470036149
1260 109.53913400322199
1261 109.56598600000143
1262 109.5929000005126
1263 109.61993200331926
1264 109.64687400311232
1265 109.67386800050735
1266 109.70122600346804
1267 109.72830100357533
1268 109.75554399937391
1269 109.78247000277042
1270 109.80983800441027
1271 109.83733900636435
1272 109.86460100114346
1273 109.89150600135326
1274 109.91833700239658
1275 109.9454530030489
1276 109.97230300307274
1277 109.99923000484705
1278 110.0261519998312
1279 110.0531079992652
1280 110.08007200062275
1281 110.10764300078154
1282 110.13617300242186
1283 110.16322400420904
1284 110.19180600345135
1285 110.23056100308895
1286 110.25789500027895
1287 110.28488000482321
1288 110.33591700345278
1289 110.36507400125265
1290 110.39426700025797
1291 110.42196699976921
1292 110.44916800409555
1293 110.4773630052805
1294 110.50528700649738
1295 110.5325920060277
1296 110.55997600406408
1297 110.58769100159407
1298 110.61576100438833
1299 110.64351899921894
1300 110.67072100192308
1301 110.69800600409508
1302 110.72758800536394
1303 110.75615300238132
1304 110.78382400423288
1305 110.81177700310946
1306 110.83945000171661
1307 110.86710600554943
1308 110.89510000497103
1309 110.92238300293684
1310 110.95010700076818
1311 110.97963400185108
1312 111.00937800109386
1313 111.03716900199652
1314 111.06517300009727
1315 111.09308100491762
1316 111.12203600257635
1317 111.14996200054884
1318 111.17750400304794
1319 111.20541500300169
1320 111.2335680052638
1321 111.26185400038958
1322 111.28963100165129
1323 111.31678400188684
1324 111.34387100487947
1325 111.37169100344181
1326 111.39937700331211
1327 111.42764100432396
1328 111.45623400062323
1329 111.48435800522566
1330 111.51248800009489
1331 111.54040900617838
1332 111.56893200427294
1333 111.59676100313663
1334 111.62431100010872
1335 111.65506100654602
1336 111.6832960024476
1337 111.7110790014267
1338 111.73860400170088
1339 111.76768600195646
1340 111.79588400572538
1341 111.82374500483274
1342 111.851208999753
1343 111.87907200306654
1344 111.90717100352049
1345 111.93435000628233
1346 111.96176899969578
1347 111.98954000324011
1348 112.01832400262356
1349 112.04578700661659
1350 112.07329300045967
1351 112.10147500038147
1352 112.12883999943733
1353 112.1569550037384
1354 112.18470100313425
1355 112.21371600031853
1356 112.2440730035305
1357 112.28904300183058
1358 112.32976100593805
1359 112.35828000307083
1360 112.38590600341558
1361 112.41336200386286
1362 112.44078899919987
1363 112.46808400005102
1364 112.49547700583935
1365 112.52267900109291
1366 112.54995800554752
1367 112.57707500457764
1368 112.60470400005579
1369 112.63279899954796
1370 112.66152299940586
1371 112.68976899981499
1372 112.71858700364828
1373 112.7464819997549
1374 112.7750900015235
1375 112.80733600258827
1376 112.83477099984884
1377 112.86216700077057
1378 112.88933400064707
1379 112.91737100481987
1380 112.94485700130463
1381 112.97241700440645
1382 113.0010120049119
1383 113.02864200621843
1384 113.05599100142717
1385 113.08603000640869
1386 113.11540900170803
1387 113.14562800526619
1388 113.17653699964285
1389 113.206663005054
1390 113.24398799985647
1391 113.28290400654078
1392 113.31817300617695
1393 113.34636799991131
1394 113.37402600049973
1395 113.40178400278091
1396 113.4287170022726
1397 113.45573700219393
1398 113.48306400328875
1399 113.5106910020113
1400 113.53868900239468
1401 113.5659210011363
1402 113.59357600659132
1403 113.62136000394821
1404 113.6501369997859
1405 113.67773099988699
1406 113.7057930007577
1407 113.73363200575113
1408 113.76779299974442
1409 113.7958599999547
1410 113.82341700047255
1411 113.85078300535679
1412 113.91247300058603
1413 113.94501899927855
1414 113.97275600582361
1415 114.00037900358438
1416 114.02856900542974
1417 114.05920100212097
1418 114.08916600048542
1419 114.1166650056839
1420 114.14460800588131
1421 114.17246299982071
1422 114.20153599977493
1423 114.22970300167799
1424 114.25774200260639
1425 114.28729800134897
1426 114.31655300408602
1427 114.37175100296736
1428 114.40157800167799
1429 114.4299720004201
1430 114.45804200321436
1431 114.48643900454044
1432 114.51411899924278
1433 114.54199500381947
1434 114.57105300575495
1435 114.59933600574732
1436 114.62765900045633
1437 114.65547500550747
1438 114.68312799930573
1439 114.71153200417757
1440 114.73955000191927
1441 114.76777700334787
1442 114.79710400104523
1443 114.83222400397062
1444 114.86022800207138
1445 114.88777500391006
1446 114.91527800261974
1447 114.9430470019579
1448 114.9708960056305
1449 114.99789400398731
1450 115.02481200546026
1451 115.05210500210524
1452 115.07938600331545
1453 115.10878900438547
1454 115.13558300584555
1455 115.16204900294542
1456 115.18981400132179
1457 115.2248380035162
1458 115.2569610029459
1459 115.28589400649071
1460 115.33785600215197
1461 115.36634300649166
1462 115.39408800005913
1463 115.4213320016861
1464 115.44869900494814
1465 115.47600500285625
1466 115.50302600115538
1467 115.53003800660372
1468 115.55708999931812
1469 115.58434800058603
1470 115.61137299984694
1471 115.6385460048914
1472 115.66554000228643
1473 115.69317900389433
1474 115.71989100426435
1475 115.74710500240326
1476 115.7739569991827
1477 115.80121700465679
1478 115.82829200476408
1479 115.8554550036788
1480 115.88288200646639
1481 115.90990700572729
1482 115.93661200255156
1483 115.96339300274849
1484 115.99026200175285
1485 116.01716100424528
1486 116.04395100474358
1487 116.07062800228596
1488 116.0976880043745
1489 116.12423600256443
1490 116.1512700021267
1491 116.17824099957943
1492 116.2055319994688
1493 116.23221400380135
1494 116.25935900211334
1495 116.30354000627995
1496 116.33274200558662
1497 116.3597510010004
1498 116.38743299990892
1499 116.41454200446606
1500 116.44150000065565
1501 116.46807800233364
1502 116.4947360008955
1503 116.52157700061798
1504 116.5485500022769
1505 116.57540000230074
1506 116.60267700254917
1507 116.62939400225878
1508 116.65647100657225
1509 116.68302900344133
1510 116.70981400460005
1511 116.73653700202703
1512 116.76332300156355
1513 116.7898890003562
1514 116.81661800295115
1515 116.84358900040388
1516 116.87055800110102
1517 116.89716400206089
1518 116.92390600591898
1519 116.9509510025382
1520 116.97767399996519
1521 117.00430500507355
1522 117.03118100017309
1523 117.05826999992132
1524 117.08524800091982
1525 117.11261700093746
1526 117.13972000032663
1527 117.16636800020933
1528 117.19319500029087
1529 117.219742000103
1530 117.24666099995375
1531 117.27336200326681
1532 117.30017700046301
1533 117.32771800458431
1534 117.35754300653934
1535 117.38550899922848
1536 117.41308400034904
1537 117.4403569996357
1538 117.46807700395584
1539 117.49547500163317
1540 117.52321900427341
1541 117.58951800316572
1542 117.62625700235367
1543 117.6620550006628
1544 117.6976960003376
1545 117.73373000323772
1546 117.76896000653505
1547 117.8022540062666
1548 117.8298230022192
1549 117.85677500069141
1550 117.8836140036583
1551 117.91027300059795
1552 117.93686900287867
1553 117.96377700567245
1554 117.99041400104761
1555 118.0171810016036
1556 118.04381700605154
1557 118.07086600363255
1558 118.09760000556707
1559 118.12486200034618
1560 118.15267900377512
1561 118.17932900041342
1562 118.20639400184155
1563 118.23361500352621
1564 118.2609960064292
1565 118.28820399940014
1566 118.31547100096941
1567 118.34232700616121
1568 118.36958300322294
1569 118.39680200070143
1570 118.42351499944925
1571 118.45031300187111
1572 118.47698300331831
1573 118.50405300408602
1574 118.53093700110912
1575 118.55759900063276
1576 118.58497299998999
1577 118.61321800202131
1578 118.64072400331497
1579 118.66902600228786
1580 118.69688100367785
1581 118.72477599978447
1582 118.75364900380373
1583 118.78145699948072
1584 118.80849700421095
1585 118.83581300079823
1586 118.86298800259829
1587 118.89009699970484
1588 118.91721000522375
1589 118.94514000415802
1590 118.97379200160503
1591 119.00145900249481
1592 119.02944300323725
1593 119.05700699985027
1594 119.08506700396538
1595 119.11373200267553
1596 119.14262799918652
1597 119.1704830005765
1598 119.19773299992085
1599 119.22561199963093
1600 119.2532330006361
1601 119.2807310000062
1602 119.30849999934435
1603 119.33669000118971
1604 119.3646600022912
1605 119.39273900538683
1606 119.42043100297451
1607 119.44826500117779
1608 119.4761840030551
1609 119.5045990049839
1610 119.53311000019312
1611 119.56169100105762
1612 119.59078200161457
1613 119.61873200535774
1614 119.65366700291634
1615 119.68122500181198
1616 119.70881099998951
1617 119.73583400249481
1618 119.76363199949265
1619 119.79124500602484
1620 119.81935000419617
1621 119.84705000370741
1622 119.87534900009632
1623 119.90284600108862
1624 119.93030200153589
1625 119.95830500125885
1626 119.98615600168705
1627 120.01458900421858
1628 120.04260700196028
1629 120.07043300569057
1630 120.11111500114202
1631 120.14148500561714
1632 120.19528499990702
1633 120.22349500656128
1634 120.25090400129557
1635 120.29694000631571
1636 120.32751600444317
1637 120.35470300167799
1638 120.38151900470257
1639 120.40818000584841
1640 120.43538100272417
1641 120.46245799958706
1642 120.48917800188065
1643 120.51583199948072
1644 120.57011700421572
1645 120.59952700138092
1646 120.6263430044055
1647 120.65423700213432
1648 120.68145300447941
1649 120.7085960060358
1650 120.73539900034666
1651 120.76209799945354
1652 120.78917700052261
1653 120.81615300476551
1654 120.84314100444317
1655 120.87024400383234
1656 120.89726199954748
1657 120.92436899989843
1658 120.95122100412846
1659 120.97834499925375
1660 121.0056610032916
1661 121.03276400268078
1662 121.05948300659657
1663 121.0864300057292
1664 121.1134090051055
1665 121.14039700478315
1666 121.16724099963903
1667 121.19405300170183
1668 121.22077099978924
1669 121.25110000371933
1670 121.27828100323677
1671 121.3062190040946
1672 121.33391000330448
1673 121.36096899956465
1674 121.38818500190973
1675 121.42171500623226
1676 121.45379099994898
1677 121.48273900151253
1678 121.52338200062513
1679 121.56062600016594
1680 121.59144200384617
1681 121.61885900050402
1682 121.6456990018487
1683 121.67238900065422
1684 121.6991590037942
1685 121.72580300271511
1686 121.75214200466871
1687 121.77895800024271
1688 121.80550500005484
1689 121.83213100582361
1690 121.85865500569344
1691 121.88508300483227
1692 121.91143000125885
1693 121.93826100230217
1694 121.96504800021648
1695 121.99132500588894
1696 122.01799900084734
1697 122.04438599944115
1698 122.07071500271559
1699 122.09716500341892
1700 122.12340600043535
1701 122.14967500418425
1702 122.17625400424004
1703 122.2029130011797
1704 122.22952600568533
1705 122.25598499923944
1706 122.28239600360394
1707 122.30874200165272
1708 122.33497799932957
1709 122.3615900054574
1710 122.38828000426292
1711 122.41512600332499
1712 122.44239500164986
1713 122.46882600337267
1714 122.49509600549936
1715 122.52141500264406
1716 122.54773500561714
1717 122.57438000291586
1718 122.60076100379229
1719 122.62710900604725
1720 122.65357699990273
1721 122.67994600534439
1722 122.70644599944353
1723 122.73275800049305
1724 122.7591800019145
1725 122.78737800568342
1726 122.81393900513649
1727 122.84033200144768
1728 122.86676900088787
1729 122.89307799935341
1730 122.92096500098705
1731 122.94749400019646
1732 122.9738670065999
1733 123.00017200410366
1734 123.028181001544
1735 123.0547310039401
1736 123.08106200397015
1737 123.1073410063982
1738 123.13364800065756
1739 123.16004000604153
1740 123.1864810064435
1741 123.21290500462055
1742 123.2403450012207
1743 123.26705700159073
1744 123.29427099972963
1745 123.32105199992657
1746 123.34756900370121
1747 123.37402300536633
1748 123.40024900436401
1749 123.42653900384903
1750 123.45285800099373
1751 123.47923599928617
1752 123.50553400069475
1753 123.53181700408459
1754 123.55814400315285
1755 123.5843579992652
1756 123.61068000644445
1757 123.63703100383282
1758 123.66334700584412
1759 123.68971399962902
1760 123.71608300507069
1761 123.74355800449848
1762 123.77002600580454
1763 123.79640800505877
1764 123.82270400226116
1765 123.84895900636911
1766 123.87525700032711
1767 123.90165299922228
1768 123.92798399925232
1769 123.95421200245619
1770 123.98164699971676
1771 124.00820700079203
1772 124.03459600359201
1773 124.06094900518656
1774 124.08750000596046
1775 124.11433999985456
1776 124.14103800058365
1777 124.16747200489044
1778 124.19399300217628
1779 124.22035299986601
1780 124.24679100513458
1781 124.28314000368118
1782 124.32041300088167
1783 124.34768500179052
1784 124.37420200556517
1785 124.40059400349855
1786 124.42688700556755
1787 124.45328599959612
1788 124.47960299998522
1789 124.50595300644636
1790 124.53225700557232
1791 124.5587920024991
1792 124.58501300215721
1793 124.61117800325155
1794 124.64891999959946
1795 124.68374100327492
1796 124.71793200075626
1797 124.76837700605392
1798 124.80667600035667
1799 124.8352760002017
1800 124.86207300424576
1801 124.88903599977493
1802 124.91610700637102
1803 124.96288300305605
1804 124.9910300001502
1805 125.0180300027132
1806 125.04465200006962
1807 125.0718440040946
1808 125.09858199954033
1809 125.12584000080824
1810 125.15316800028086
1811 125.18029100447893
1812 125.20847500115633
1813 125.23610199987888
1814 125.26299400627613
1815 125.29030400514603
1816 125.3172880038619
1817 125.34420900046825
1818 125.37104800343513
1819 125.39829999953508
1820 125.42502900213003
1821 125.45200300216675
1822 125.4791349992156
1823 125.50639100372791
1824 125.53336200118065
1825 125.56031200289726
1826 125.58712100237608
1827 125.61427500098944
1828 125.64095000177622
1829 125.66782500594854
1830 125.69445200264454
1831 125.72102300077677
1832 125.74801900237799
1833 125.77603800594807
1834 125.80344500392675
1835 125.84808400273323
1836 125.87583900243044
1837 125.90391900390387
1838 125.9313869997859
1839 125.95806100219488
1840 125.98495200276375
1841 126.01197399944067
1842 126.03919599950314
1843 126.06684300303459
1844 126.09373500198126
1845 126.12064100056887
1846 126.14743100106716
1847 126.17403500527143
1848 126.2006940022111
1849 126.2275760024786
1850 126.25485700368881
1851 126.28172500431538
1852 126.32285300642252
1853 126.35003799945116
1854 126.37665700167418
1855 126.4032480046153
1856 126.43031400442123
1857 126.45705400407314
1858 126.48406100273132
1859 126.51225300133228
1860 126.54027100652456
1861 126.56802600622177
1862 126.59529000520706
1863 126.62260700017214
1864 126.65014600008726
1865 126.67708700150251
1866 126.70444900542498
1867 126.731539003551
1868 126.75873300433159
1869 126.78552200645208
1870 126.81244499981403
1871 126.83920900523663
1872 126.86595000326633
1873 126.89260100573301
1874 126.91960400342941
1875 126.94725000113249
1876 126.97557100653648
1877 127.00336100161076
1878 127.03089000284672
1879 127.05778700113297
1880 127.08474600315094
1881 127.11145300418139
1882 127.1382150053978
1883 127.16492000222206
1884 127.19170600175858
1885 127.21856800466776
1886 127.24530700594187
1887 127.27199700474739
1888 127.29866100102663
1889 127.32533400505781
1890 127.35232800245285
1891 127.37907300144434
1892 127.40583000332117
1893 127.43253099918365
1894 127.45948400348425
1895 127.48603100329638
1896 127.51269200444221
1897 127.53936400264502
1898 127.56593800336123
1899 127.59258400648832
1900 127.61905900388956
1901 127.64564400166273
1902 127.6723230034113
1903 127.69909400492907
1904 127.72597700357437
1905 127.75263300538063
1906 127.77940399944782
1907 127.80614700168371
1908 127.83262300491333
1909 127.85947000235319
1910 127.88657400012016
1911 127.91383100301027
1912 127.94111700356007
1913 127.96819500625134
1914 127.99479900300503
1915 128.02146600186825
1916 128.0480540022254
1917 128.07466400414705
1918 128.10107599943876
1919 128.12752800434828
1920 128.1540300026536
1921 128.180603004992
1922 128.20732000470161
1923 128.23379300534725
1924 128.2607620060444
1925 128.30712300539017
1926 128.3354870006442
1927 128.36215200275183
1928 128.388781003654
1929 128.4151500016451
1930 128.44218000024557
1931 128.46878000348806
1932 128.4958450049162
1933 128.52247799932957
1934 128.54922000318766
1935 128.57586700469255
1936 128.60232499986887
1937 128.62878100574017
1938 128.65552100539207
1939 128.68203800171614
1940 128.70850900560617
1941 128.73545300215483
1942 128.7619910016656
1943 128.7885180041194
1944 128.81517300009727
1945 128.8416940048337
1946 128.86913000047207
1947 128.90222500264645
1948 128.9312440007925
1949 128.9601320028305
1950 128.9921879991889
1951 129.01964200288057
1952 129.04704400151968
1953 129.07402100414038
1954 129.10164300352335
1955 129.1289409995079
1956 129.15686600655317
1957 129.22158900648355
1958 129.26376300305128
1959 129.2927900031209
1960 129.3203110024333
1961 129.34767699986696
1962 129.3749060034752
1963 129.40205500274897
1964 129.42916100472212
1965 129.4560250043869
1966 129.48252899944782
1967 129.50919200479984
1968 129.53601000458002
1969 129.56290500611067
1970 129.58974400162697
1971 129.61649500578642
1972 129.64331100136042
1973 129.66961700469255
1974 129.6960700005293
1975 129.74239100515842
1976 129.76952200382948
1977 129.79699900001287
1978 129.8241109997034
1979 129.85112500190735
1980 129.87796600162983
1981 129.90451000630856
1982 129.93161600083113
1983 129.95868699997663
1984 129.98556300252676
1985 130.0122490003705
1986 130.0388720035553
1987 130.065805003047
1988 130.09250300377607
1989 130.1199930012226
1990 130.1469240039587
1991 130.17353799939156
1992 130.20026100426912
1993 130.22693499922752
1994 130.2537280023098
1995 130.28059700131416
1996 130.30738100409508
1997 130.3341450020671
1998 130.3610040023923
1999 130.38759800046682
2000 130.41460800170898
