5 4
6 8
7 12
8 16
9 20
10 24
11 28
12 32
13 36
14 40
15 44
16 48
17 52
18 56
19 60
20 64
21 68
22 72
23 76
24 80
25 84
26 88
27 92
28 96
29 100
30 104
31 108
32 112
33 116
34 120
35 124
36 128
37 132
38 136
39 140
40 144
41 148
42 152
43 156
44 160
45 164
46 168
47 172
48 176
49 180
50 184
51 188
52 192
53 196
54 200
55 204
56 208
57 212
58 216
59 220
60 224
61 228
62 232
63 236
64 240
65 244
66 248
67 252
68 256
69 260
70 264
71 268
72 272
73 276
74 280
75 284
76 288
77 292
78 296
79 300
80 304
81 308
82 312
83 316
84 320
85 324
86 328
87 332
88 336
89 340
90 344
91 348
92 352
93 356
94 360
95 364
96 368
97 372
98 376
99 380
100 384
101 388
102 392
103 396
104 400
105 404
106 408
107 412
108 416
109 420
110 424
111 428
112 432
113 436
114 440
115 444
116 448
117 452
118 456
119 460
120 464
121 468
122 472
123 476
124 480
125 484
126 488
127 492
128 496
129 500
130 504
131 508
132 512
133 516
134 520
135 524
136 528
137 532
138 536
139 540
140 544
141 548
142 552
143 556
144 560
145 564
146 568
147 572
148 576
149 580
150 584
151 588
152 592
153 596
154 600
155 604
156 608
157 612
158 616
159 620
160 624
161 628
162 632
163 636
164 640
165 644
166 648
167 652
168 656
169 660
170 664
171 668
172 672
173 676
174 680
175 684
176 688
177 692
178 696
179 700
180 704
181 708
182 712
183 716
184 720
185 724
186 728
187 732
188 736
189 740
190 744
191 748
192 752
193 756
194 760
195 764
196 768
197 772
198 776
199 780
200 784
201 788
202 792
203 796
204 800
205 804
206 808
207 812
208 816
209 820
210 824
211 828
212 832
213 836
214 840
215 844
216 848
217 852
218 856
219 860
220 864
221 868
222 872
223 876
224 880
225 884
226 888
227 892
228 896
229 900
230 904
231 908
232 912
233 916
234 920
235 924
236 928
237 932
238 936
239 940
240 944
241 948
242 952
243 956
244 960
245 964
246 968
247 972
248 976
249 980
250 984
251 988
252 992
253 996
254 1000
255 1004
256 1008
257 1012
258 1016
259 1020
260 1024
261 1028
262 1032
263 1036
264 1040
265 1044
266 1048
267 1052
268 1056
269 1060
270 1064
271 1068
272 1072
273 1076
274 1080
275 1084
276 1088
277 1092
278 1096
279 1100
280 1104
281 1108
282 1112
283 1116
284 1120
285 1124
286 1128
287 1132
288 1136
289 1140
290 1144
291 1148
292 1152
293 1156
294 1160
295 1164
296 1168
297 1172
298 1176
299 1180
300 1184
301 1188
302 1192
303 1196
304 1200
305 1204
306 1208
307 1212
308 1216
309 1220
310 1224
311 1228
312 1232
313 1236
314 1240
315 1244
316 1248
317 1252
318 1256
319 1260
320 1264
321 1268
322 1272
323 1276
324 1280
325 1284
326 1288
327 1292
328 1296
329 1300
330 1304
331 1308
332 1312
333 1316
334 1320
335 1324
336 1328
337 1332
338 1336
339 1340
340 1344
341 1348
342 1352
343 1356
344 1360
345 1364
346 1368
347 1372
348 1376
349 1380
350 1384
351 1388
352 1392
353 1396
354 1400
355 1404
356 1408
357 1412
358 1416
359 1420
360 1424
361 1428
362 1432
363 1436
364 1440
365 1444
366 1448
367 1452
368 1456
369 1460
370 1464
371 1468
372 1472
373 1476
374 1480
375 1484
376 1488
377 1492
378 1496
379 1500
380 1504
381 1508
382 1512
383 1516
384 1520
385 1524
386 1528
387 1532
388 1536
389 1540
390 1544
391 1548
392 1552
393 1556
394 1560
395 1564
396 1568
397 1572
398 1576
399 1580
400 1584
401 1588
402 1592
403 1596
404 1600
405 1604
406 1608
407 1612
408 1616
409 1620
410 1624
411 1628
412 1632
413 1636
414 1640
415 1644
416 1648
417 1652
418 1656
419 1660
420 1664
421 1668
422 1672
423 1676
424 1680
425 1684
426 1688
427 1692
428 1696
429 1700
430 1704
431 1708
432 1712
433 1716
434 1720
435 1724
436 1728
437 1732
438 1736
439 1740
440 1744
441 1748
442 1752
443 1756
444 1760
445 1764
446 1768
447 1772
448 1776
449 1780
450 1784
451 1788
452 1792
453 1796
454 1800
455 1804
456 1808
457 1812
458 1816
459 1820
460 1824
461 1828
462 1832
463 1836
464 1840
465 1844
466 1848
467 1852
468 1856
469 1860
470 1864
471 1868
472 1872
473 1876
474 1880
475 1884
476 1888
477 1892
478 1896
479 1900
480 1904
481 1908
482 1912
483 1916
484 1920
485 1924
486 1928
487 1932
488 1936
489 1940
490 1944
491 1948
492 1952
493 1956
494 1960
495 1964
496 1968
497 1972
498 1976
499 1980
500 1984
501 1988
502 1992
503 1996
504 2000
505 2004
506 2008
507 2012
508 2016
509 2020
510 2024
511 2028
512 2032
513 2036
514 2040
515 2044
516 2048
517 2052
518 2056
519 2060
520 2064
521 2068
522 2072
523 2076
524 2080
525 2084
526 2088
527 2092
528 2096
529 2100
530 2104
531 2108
532 2112
533 2116
534 2120
535 2124
536 2128
537 2132
538 2136
539 2140
540 2144
541 2148
542 2152
543 2156
544 2160
545 2164
546 2168
547 2172
548 2176
549 2180
550 2184
551 2188
552 2192
553 2196
554 2200
555 2204
556 2208
557 2212
558 2216
559 2220
560 2224
561 2228
562 2232
563 2236
564 2240
565 2244
566 2248
567 2252
568 2256
569 2260
570 2264
571 2268
572 2272
573 2276
574 2280
575 2284
576 2288
577 2292
578 2296
579 2300
580 2304
581 2308
582 2312
583 2316
584 2320
585 2324
586 2328
587 2332
588 2336
589 2340
590 2344
591 2348
592 2352
593 2356
594 2360
595 2364
596 2368
597 2372
598 2376
599 2380
600 2384
601 2388
602 2392
603 2396
604 2400
605 2404
606 2408
607 2412
608 2416
609 2420
610 2424
611 2428
612 2432
613 2436
614 2440
615 2444
616 2448
617 2452
618 2456
619 2460
620 2464
621 2468
622 2472
623 2476
624 2480
625 2484
626 2488
627 2492
628 2496
629 2500
630 2504
631 2508
632 2512
633 2516
634 2520
635 2524
636 2528
637 2532
638 2536
639 2540
640 2544
641 2548
642 2552
643 2556
644 2560
645 2564
646 2568
647 2572
648 2576
649 2580
650 2584
651 2588
652 2592
653 2596
654 2600
655 2604
656 2608
657 2612
658 2616
659 2620
660 2624
661 2628
662 2632
663 2636
664 2640
665 2644
666 2648
667 2652
668 2656
669 2660
670 2664
671 2668
672 2672
673 2676
674 2680
675 2684
676 2688
677 2692
678 2696
679 2700
680 2704
681 2708
682 2712
683 2716
684 2720
685 2724
686 2728
687 2732
688 2736
689 2740
690 2744
691 2748
692 2752
693 2756
694 2760
695 2764
696 2768
697 2772
698 2776
699 2780
700 2784
701 2788
702 2792
703 2796
704 2800
705 2804
706 2808
707 2812
708 2816
709 2820
710 2824
711 2828
712 2832
713 2836
714 2840
715 2844
716 2848
717 2852
718 2856
719 2860
720 2864
721 2868
722 2872
723 2876
724 2880
725 2884
726 2888
727 2892
728 2896
729 2900
730 2904
731 2908
732 2912
733 2916
734 2920
735 2924
736 2928
737 2932
738 2936
739 2940
740 2944
741 2948
742 2952
743 2956
744 2960
745 2964
746 2968
747 2972
748 2976
749 2980
750 2984
751 2988
752 2992
753 2996
754 3000
755 3004
756 3008
757 3012
758 3016
759 3020
760 3024
761 3028
762 3032
763 3036
764 3040
765 3044
766 3048
767 3052
768 3056
769 3060
770 3064
771 3068
772 3072
773 3076
774 3080
775 3084
776 3088
777 3092
778 3096
779 3100
780 3104
781 3108
782 3112
783 3116
784 3120
785 3124
786 3128
787 3132
788 3136
789 3140
790 3144
791 3148
792 3152
793 3156
794 3160
795 3164
796 3168
797 3172
798 3176
799 3180
800 3184
801 3188
802 3192
803 3196
804 3200
805 3204
806 3208
807 3212
808 3216
809 3220
810 3224
811 3228
812 3232
813 3236
814 3240
815 3244
816 3248
817 3252
818 3256
819 3260
820 3264
821 3268
822 3272
823 3276
824 3280
825 3284
826 3288
827 3292
828 3296
829 3300
830 3304
831 3308
832 3312
833 3316
834 3320
835 3324
836 3328
837 3332
838 3336
839 3340
840 3344
841 3348
842 3352
843 3356
844 3360
845 3364
846 3368
847 3372
848 3376
849 3380
850 3384
851 3388
852 3392
853 3396
854 3400
855 3404
856 3408
857 3412
858 3416
859 3420
860 3424
861 3428
862 3432
863 3436
864 3440
865 3444
866 3448
867 3452
868 3456
869 3460
870 3464
871 3468
872 3472
873 3476
874 3480
875 3484
876 3488
877 3492
878 3496
879 3500
880 3504
881 3508
882 3512
883 3516
884 3520
885 3524
886 3528
887 3532
888 3536
889 3540
890 3544
891 3548
892 3552
893 3556
894 3560
895 3564
896 3568
897 3572
898 3576
899 3580
900 3584
901 3588
902 3592
903 3596
904 3600
905 3604
906 3608
907 3612
908 3616
909 3620
910 3624
911 3628
912 3632
913 3636
914 3640
915 3644
916 3648
917 3652
918 3656
919 3660
920 3664
921 3668
922 3672
923 3676
924 3680
925 3684
926 3688
927 3692
928 3696
929 3700
930 3704
931 3708
932 3712
933 3716
934 3720
935 3724
936 3728
937 3732
938 3736
939 3740
940 3744
941 3748
942 3752
943 3756
944 3760
945 3764
946 3768
947 3772
948 3776
949 3780
950 3784
951 3788
952 3792
953 3796
954 3800
955 3804
956 3808
957 3812
958 3816
959 3820
960 3824
961 3828
962 3832
963 3836
964 3840
965 3844
966 3848
967 3852
968 3856
969 3860
970 3864
971 3868
972 3872
973 3876
974 3880
975 3884
976 3888
977 3892
978 3896
979 3900
980 3904
981 3908
982 3912
983 3916
984 3920
985 3924
986 3928
987 3932
988 3936
989 3940
990 3944
991 3948
992 3952
993 3956
994 3960
995 3964
996 3968
997 3972
998 3976
999 3980
1000 3984
1001 3988
1002 3992
1003 3996
1004 4000
1005 4004
1006 4008
1007 4012
1008 4016
1009 4020
1010 4024
1011 4028
1012 4032
1013 4036
1014 4040
1015 4044
1016 4048
1017 4052
1018 4056
1019 4060
1020 4064
1021 4068
1022 4072
1023 4076
1024 4080
1025 4084
1026 4088
1027 4092
1028 4096
1029 4100
1030 4104
1031 4108
1032 4112
1033 4116
1034 4120
1035 4124
1036 4128
1037 4132
1038 4136
1039 4140
1040 4144
1041 4148
1042 4152
1043 4156
1044 4160
1045 4164
1046 4168
1047 4172
1048 4176
1049 4180
1050 4184
1051 4188
1052 4192
1053 4196
1054 4200
1055 4204
1056 4208
1057 4212
1058 4216
1059 4220
1060 4224
1061 4228
1062 4232
1063 4236
1064 4240
1065 4244
1066 4248
1067 4252
1068 4256
1069 4260
1070 4264
1071 4268
1072 4272
1073 4276
1074 4280
1075 4284
1076 4288
1077 4292
1078 4296
1079 4300
1080 4304
1081 4308
1082 4312
1083 4316
1084 4320
1085 4324
1086 4328
1087 4332
1088 4336
1089 4340
1090 4344
1091 4348
1092 4352
1093 4356
1094 4360
1095 4364
1096 4368
1097 4372
1098 4376
1099 4380
1100 4384
1101 4388
1102 4392
1103 4396
1104 4400
1105 4404
1106 4408
1107 4412
1108 4416
1109 4420
1110 4424
1111 4428
1112 4432
1113 4436
1114 4440
1115 4444
1116 4448
1117 4452
1118 4456
1119 4460
1120 4464
1121 4468
1122 4472
1123 4476
1124 4480
1125 4484
1126 4488
1127 4492
1128 4496
1129 4500
1130 4504
1131 4508
1132 4512
1133 4516
1134 4520
1135 4524
1136 4528
1137 4532
1138 4536
1139 4540
1140 4544
1141 4548
1142 4552
1143 4556
1144 4560
1145 4564
1146 4568
1147 4572
1148 4576
1149 4580
1150 4584
1151 4588
1152 4592
1153 4596
1154 4600
1155 4604
1156 4608
1157 4612
1158 4616
1159 4620
1160 4624
1161 4628
1162 4632
1163 4636
1164 4640
1165 4644
1166 4648
1167 4652
1168 4656
1169 4660
1170 4664
1171 4668
1172 4672
1173 4676
1174 4680
1175 4684
1176 4688
1177 4692
1178 4696
1179 4700
1180 4704
1181 4708
1182 4712
1183 4716
1184 4720
1185 4724
1186 4728
1187 4732
1188 4736
1189 4740
1190 4744
1191 4748
1192 4752
1193 4756
1194 4760
1195 4764
1196 4768
1197 4772
1198 4776
1199 4780
1200 4784
1201 4788
1202 4792
1203 4796
1204 4800
1205 4804
1206 4808
1207 4812
1208 4816
1209 4820
1210 4824
1211 4828
1212 4832
1213 4836
1214 4840
1215 4844
1216 4848
1217 4852
1218 4856
1219 4860
1220 4864
1221 4868
1222 4872
1223 4876
1224 4880
1225 4884
1226 4888
1227 4892
1228 4896
1229 4900
1230 4904
1231 4908
1232 4912
1233 4916
1234 4920
1235 4924
1236 4928
1237 4932
1238 4936
1239 4940
1240 4944
1241 4948
1242 4952
1243 4956
1244 4960
1245 4964
1246 4968
1247 4972
1248 4976
1249 4980
1250 4984
1251 4988
1252 4992
1253 4996
1254 5000
1255 5004
1256 5008
1257 5012
1258 5016
1259 5020
1260 5024
1261 5028
1262 5032
1263 5036
1264 5040
1265 5044
1266 5048
1267 5052
1268 5056
1269 5060
1270 5064
1271 5068
1272 5072
1273 5076
1274 5080
1275 5084
1276 5088
1277 5092
1278 5096
1279 5100
1280 5104
1281 5108
1282 5112
1283 5116
1284 5120
1285 5124
1286 5128
1287 5132
1288 5136
1289 5140
1290 5144
1291 5148
1292 5152
1293 5156
1294 5160
1295 5164
1296 5168
1297 5172
1298 5176
1299 5180
1300 5184
1301 5188
1302 5192
1303 5196
1304 5200
1305 5204
1306 5208
1307 5212
1308 5216
1309 5220
1310 5224
1311 5228
1312 5232
1313 5236
1314 5240
1315 5244
1316 5248
1317 5252
1318 5256
1319 5260
1320 5264
1321 5268
1322 5272
1323 5276
1324 5280
1325 5284
1326 5288
1327 5292
1328 5296
1329 5300
1330 5304
1331 5308
1332 5312
1333 5316
1334 5320
1335 5324
1336 5328
1337 5332
1338 5336
1339 5340
1340 5344
1341 5348
1342 5352
1343 5356
1344 5360
1345 5364
1346 5368
1347 5372
1348 5376
1349 5380
1350 5384
1351 5388
1352 5392
1353 5396
1354 5400
1355 5404
1356 5408
1357 5412
1358 5416
1359 5420
1360 5424
1361 5428
1362 5432
1363 5436
1364 5440
1365 5444
1366 5448
1367 5452
1368 5456
1369 5460
1370 5464
1371 5468
1372 5472
1373 5476
1374 5480
1375 5484
1376 5488
1377 5492
1378 5496
1379 5500
1380 5504
1381 5508
1382 5512
1383 5516
1384 5520
1385 5524
1386 5528
1387 5532
1388 5536
1389 5540
1390 5544
1391 5548
1392 5552
1393 5556
1394 5560
1395 5564
1396 5568
1397 5572
1398 5576
1399 5580
1400 5584
1401 5588
1402 5592
1403 5596
1404 5600
1405 5604
1406 5608
1407 5612
1408 5616
1409 5620
1410 5624
1411 5628
1412 5632
1413 5636
1414 5640
1415 5644
1416 5648
1417 5652
1418 5656
1419 5660
1420 5664
1421 5668
1422 5672
1423 5676
1424 5680
1425 5684
1426 5688
1427 5692
1428 5696
1429 5700
1430 5704
1431 5708
1432 5712
1433 5716
1434 5720
1435 5724
1436 5728
1437 5732
1438 5736
1439 5740
1440 5744
1441 5748
1442 5752
1443 5756
1444 5760
1445 5764
1446 5768
1447 5772
1448 5776
1449 5780
1450 5784
1451 5788
1452 5792
1453 5796
1454 5800
1455 5804
1456 5808
1457 5812
1458 5816
1459 5820
1460 5824
1461 5828
1462 5832
1463 5836
1464 5840
1465 5844
1466 5848
1467 5852
1468 5856
1469 5860
1470 5864
1471 5868
1472 5872
1473 5876
1474 5880
1475 5884
1476 5888
1477 5892
1478 5896
1479 5900
1480 5904
1481 5908
1482 5912
1483 5916
1484 5920
1485 5924
1486 5928
1487 5932
1488 5936
1489 5940
1490 5944
1491 5948
1492 5952
1493 5956
1494 5960
1495 5964
1496 5968
1497 5972
1498 5976
1499 5980
1500 5984
1501 5988
1502 5992
1503 5996
1504 6000
1505 6004
1506 6008
1507 6012
1508 6016
1509 6020
1510 6024
1511 6028
1512 6032
1513 6036
1514 6040
1515 6044
1516 6048
1517 6052
1518 6056
1519 6060
1520 6064
1521 6068
1522 6072
1523 6076
1524 6080
1525 6084
1526 6088
1527 6092
1528 6096
1529 6100
1530 6104
1531 6108
1532 6112
1533 6116
1534 6120
1535 6124
1536 6128
1537 6132
1538 6136
1539 6140
1540 6144
1541 6148
1542 6152
1543 6156
1544 6160
1545 6164
1546 6168
1547 6172
1548 6176
1549 6180
1550 6184
1551 6188
1552 6192
1553 6196
1554 6200
1555 6204
1556 6208
1557 6212
1558 6216
1559 6220
1560 6224
1561 6228
1562 6232
1563 6236
1564 6240
1565 6244
1566 6248
1567 6252
1568 6256
1569 6260
1570 6264
1571 6268
1572 6272
1573 6276
1574 6280
1575 6284
1576 6288
1577 6292
1578 6296
1579 6300
1580 6304
1581 6308
1582 6312
1583 6316
1584 6320
1585 6324
1586 6328
1587 6332
1588 6336
1589 6340
1590 6344
1591 6348
1592 6352
1593 6356
1594 6360
1595 6364
1596 6368
1597 6372
1598 6376
1599 6380
1600 6384
1601 6388
1602 6392
1603 6396
1604 6400
1605 6404
1606 6408
1607 6412
1608 6416
1609 6420
1610 6424
1611 6428
1612 6432
1613 6436
1614 6440
1615 6444
1616 6448
1617 6452
1618 6456
1619 6460
1620 6464
1621 6468
1622 6472
1623 6476
1624 6480
1625 6484
1626 6488
1627 6492
1628 6496
1629 6500
1630 6504
1631 6508
1632 6512
1633 6516
1634 6520
1635 6524
1636 6528
1637 6532
1638 6536
1639 6540
1640 6544
1641 6548
1642 6552
1643 6556
1644 6560
1645 6564
1646 6568
1647 6572
1648 6576
1649 6580
1650 6584
1651 6588
1652 6592
1653 6596
1654 6600
1655 6604
1656 6608
1657 6612
1658 6616
1659 6620
1660 6624
1661 6628
1662 6632
1663 6636
1664 6640
1665 6644
1666 6648
1667 6652
1668 6656
1669 6660
1670 6664
1671 6668
1672 6672
1673 6676
1674 6680
1675 6684
1676 6688
1677 6692
1678 6696
1679 6700
1680 6704
1681 6708
1682 6712
1683 6716
1684 6720
1685 6724
1686 6728
1687 6732
1688 6736
1689 6740
1690 6744
1691 6748
1692 6752
1693 6756
1694 6760
1695 6764
1696 6768
1697 6772
1698 6776
1699 6780
1700 6784
1701 6788
1702 6792
1703 6796
1704 6800
1705 6804
1706 6808
1707 6812
1708 6816
1709 6820
1710 6824
1711 6828
1712 6832
1713 6836
1714 6840
1715 6844
1716 6848
1717 6852
1718 6856
1719 6860
1720 6864
1721 6868
1722 6872
1723 6876
1724 6880
1725 6884
1726 6888
1727 6892
1728 6896
1729 6900
1730 6904
1731 6908
1732 6912
1733 6916
1734 6920
1735 6924
1736 6928
1737 6932
1738 6936
1739 6940
1740 6944
1741 6948
1742 6952
1743 6956
1744 6960
1745 6964
1746 6968
1747 6972
1748 6976
1749 6980
1750 6984
1751 6988
1752 6992
1753 6996
1754 7000
1755 7004
1756 7008
1757 7012
1758 7016
1759 7020
1760 7024
1761 7028
1762 7032
1763 7036
1764 7040
1765 7044
1766 7048
1767 7052
1768 7056
1769 7060
1770 7064
1771 7068
1772 7072
1773 7076
1774 7080
1775 7084
1776 7088
1777 7092
1778 7096
1779 7100
1780 7104
1781 7108
1782 7112
1783 7116
1784 7120
1785 7124
1786 7128
1787 7132
1788 7136
1789 7140
1790 7144
1791 7148
1792 7152
1793 7156
1794 7160
1795 7164
1796 7168
1797 7172
1798 7176
1799 7180
1800 7184
1801 7188
1802 7192
1803 7196
1804 7200
1805 7204
1806 7208
1807 7212
1808 7216
1809 7220
1810 7224
1811 7228
1812 7232
1813 7236
1814 7240
1815 7244
1816 7248
1817 7252
1818 7256
1819 7260
1820 7264
1821 7268
1822 7272
1823 7276
1824 7280
1825 7284
1826 7288
1827 7292
1828 7296
1829 7300
1830 7304
1831 7308
1832 7312
1833 7316
1834 7320
1835 7324
1836 7328
1837 7332
1838 7336
1839 7340
1840 7344
1841 7348
1842 7352
1843 7356
1844 7360
1845 7364
1846 7368
1847 7372
1848 7376
1849 7380
1850 7384
1851 7388
1852 7392
1853 7396
1854 7400
1855 7404
1856 7408
1857 7412
1858 7416
1859 7420
1860 7424
1861 7428
1862 7432
1863 7436
1864 7440
1865 7444
1866 7448
1867 7452
1868 7456
1869 7460
1870 7464
1871 7468
1872 7472
1873 7476
1874 7480
1875 7484
1876 7488
1877 7492
1878 7496
1879 7500
1880 7504
1881 7508
1882 7512
1883 7516
1884 7520
1885 7524
1886 7528
1887 7532
1888 7536
1889 7540
1890 7544
1891 7548
1892 7552
1893 7556
1894 7560
1895 7564
1896 7568
1897 7572
1898 7576
1899 7580
1900 7584
1901 7588
1902 7592
1903 7596
1904 7600
1905 7604
1906 7608
1907 7612
1908 7616
1909 7620
1910 7624
1911 7628
1912 7632
1913 7636
1914 7640
1915 7644
1916 7648
1917 7652
1918 7656
1919 7660
1920 7664
1921 7668
1922 7672
1923 7676
1924 7680
1925 7684
1926 7688
1927 7692
1928 7696
1929 7700
1930 7704
1931 7708
1932 7712
1933 7716
1934 7720
1935 7724
1936 7728
1937 7732
1938 7736
1939 7740
1940 7744
1941 7748
1942 7752
1943 7756
1944 7760
1945 7764
1946 7768
1947 7772
1948 7776
1949 7780
1950 7784
1951 7788
1952 7792
1953 7796
1954 7800
1955 7804
1956 7808
1957 7812
1958 7816
1959 7820
1960 7824
1961 7828
1962 7832
1963 7836
1964 7840
1965 7844
1966 7848
1967 7852
1968 7856
1969 7860
1970 7864
1971 7868
1972 7872
1973 7876
1974 7880
1975 7884
1976 7888
1977 7892
1978 7896
1979 7900
1980 7904
1981 7908
1982 7912
1983 7916
1984 7920
1985 7924
1986 7928
1987 7932
1988 7936
1989 7940
1990 7944
1991 7948
1992 7952
1993 7956
1994 7960
1995 7964
1996 7968
1997 7972
1998 7976
1999 7980
2000 7984
